0.372946
0.356348
0.402145
0.378201
0.384806
0.396453
0.370463
0.389797
0.361683
0.373252
0.364386
0.388388
0.378873
0.380437
0.008896
0.381563
0.381217
0.369926
0.379573
0.367225
0.400443
0.377701
0.372904
0.380894
0.383189
0.407827
0.393993
0.373004
0.385005
0.387301
0.379658
0.399680
0.381222
0.381772
0.372777
0.369284
0.368029
0.386187
0.387381
0.366487
0.405497
0.373708
0.353206
0.383924
0.381781
0.385601
0.388295
0.379879
0.381759
0.359327
0.364032
0.401314
0.347355
0.391088
0.364294
0.382837
0.370187
0.394547
0.372651
0.374774
0.397239
0.376133
0.374865
0.394656
